{
 "cells": [
  {
   "cell_type": "code",
   "execution_count": null,
   "id": "74b51e60",
   "metadata": {},
   "outputs": [],
   "source": [
    "from vse import *\n",
    "import random"
   ]
  },
  {
   "cell_type": "code",
   "execution_count": 2,
   "id": "0698f53a",
   "metadata": {
    "scrolled": false
   },
   "outputs": [
    {
     "name": "stdout",
     "output_type": "stream",
     "text": [
      "[0.6422084270806835, 0.35758701335509996, 0.0002045595642167371]\n",
      "[0.6390760036971274, 0.36092399597303204, 3.298407016037452e-10]\n",
      "[0.5099816497072023, 0.4276567820724901, 0.06236156822030765]\n",
      "[0.642130865693852, 0.35786743771762064, 1.6965885275267899e-06]\n",
      "[0.47772925208701433, 0.0025943364431779007, 0.5196764114698078]\n",
      "[0.6420319951362501, 1.81177810713065e-11, 0.3579680048456322]\n",
      "[0.013962962343037242, 0.579082017444, 0.40695502021296276]\n",
      "[0.35788082419353134, 0.6421191758064687, 0.0]\n",
      "[0.17688935468759506, 0.4372485067761788, 0.3858621385362261]\n",
      "[6.819277917430769e-11, 0.4999999999664322, 0.49999999996537514]\n",
      "[0.011699140608216215, 0.40754733513051966, 0.5807535242612641]\n",
      "[0.6078620158776936, 0.3385865229521553, 0.05355146117015101]\n",
      "[0.0, 0.6421525460759204, 0.3578474539240796]\n",
      "[0.3577751568661977, 1.6367620543067422e-05, 0.6422084755132592]\n",
      "[0.26350991265004325, 0.26350991265004325, 0.47298017469991355]\n",
      "[4.126340080301745e-10, 0.5890485900901905, 0.41095140949717557]\n",
      "[0.4127854494659125, 2.4415262286582584e-08, 0.5872145261188252]\n",
      "[0.3568209801427628, 0.6421948436156819, 0.000984176241555231]\n",
      "[0.3633542179215622, 2.1702653870662106e-06, 0.6366436118130507]\n",
      "[0.3568274050561143, 0.000977412353687953, 0.6421951825901977]\n",
      "[0.6422084852398563, 7.959677529046544e-05, 0.35771191798485313]\n",
      "[0.6421175432426702, 0.3578824557423006, 1.0150290921797643e-09]\n",
      "[0.10815481562558271, 0.5900927518201398, 0.3017524325542774]\n",
      "[0.3577362588601559, 0.0, 0.6422637411398441]\n",
      "[0.6422005128826477, 0.35085047579208267, 0.006949011325269493]\n",
      "[0.0, 0.6422118024443388, 0.3577881975556612]\n",
      "[0.0, 0.3578933643996771, 0.6421066356003228]\n",
      "[4.851148425161191e-06, 0.38467743734004406, 0.6153177115115308]\n",
      "[1.8589933118651697e-07, 0.5826531116328134, 0.41734670246785543]\n",
      "[0.35801971256270804, 6.54542168585987e-12, 0.6419802874307466]\n",
      "[0.41453601843153814, 0.5758755822666061, 0.009588399301855803]\n",
      "[0.49049614196958663, 0.36609161614731434, 0.14341224188309892]\n",
      "[2.787390477701942e-14, 0.6398753836434541, 0.36012461635651805]\n",
      "[0.6376787157731505, 0.07282449771731424, 0.2894967865095352]\n",
      "[0.642076578385043, 0.0, 0.35792342161495705]\n",
      "[0.6422075719013909, 0.3577029931058533, 8.943499275585769e-05]\n",
      "[0.6399763471833517, 3.948218009668693e-06, 0.3600197045986387]\n",
      "[0.3472432120568665, 0.641774739029928, 0.010982048913205634]\n",
      "[8.050106168169227e-09, 0.6422048082918678, 0.35779518365802615]\n",
      "[0.4380085816467126, 0.5244179293395806, 0.03757348901370674]\n",
      "[8.714198260457251e-05, 0.6134913596860418, 0.3864214983313536]\n",
      "[0.0, 0.3577864639168461, 0.6422135360831539]\n",
      "Iteration: 100\n",
      "[0.616357806728382, 0.2165672027443211, 0.16707499052729693]\n",
      "[0.6421134891429394, 0.07670716187592921, 0.28117934898113134]\n",
      "[0.43100637562500255, 0.009257882210638398, 0.5597357421643591]\n",
      "[1.1876664509409247e-05, 0.640703203502841, 0.3592849198326496]\n",
      "[2.391217107427185e-12, 0.6362771725344546, 0.3637228274631542]\n",
      "[0.357791962286425, 0.0, 0.6422080377135749]\n",
      "[0.035826342651633356, 0.6422032950473131, 0.3219703623010534]\n",
      "[4.531518586605307e-10, 0.42954704302352037, 0.5704529565233277]\n",
      "[0.3553443599727522, 0.0024869061458937304, 0.6421687338813541]\n",
      "[0.5554142955938812, 0.011225289896321466, 0.4333604145097973]\n",
      "[0.355277366596814, 0.6421370430576778, 0.002585590345508162]\n",
      "[0.3577915397188039, 0.642208460281196, 0.0]\n",
      "[0.3577915297574521, 0.0, 0.6422084702425479]\n",
      "[0.35779168440385234, 0.6422083155961477, 0.0]\n",
      "Iteration: 150\n",
      "[0.6422076948668264, 0.21214114304356818, 0.1456511620896054]\n",
      "[0.6269651606102158, 0.2527009626920143, 0.12033387669776978]\n",
      "[0.47298017469991355, 0.26350991265004325, 0.26350991265004325]\n",
      "[1.4548318608865369e-06, 0.640661976769991, 0.35933656839814804]\n",
      "[0.64215717353824, 0.35784282646176, 0.0]\n",
      "[0.6132514323465106, 0.38674856661035695, 1.0431325129306638e-09]\n",
      "[0.19750315993846781, 0.5074497608837752, 0.29504707917775697]\n",
      "[0.525464147968247, 0.42319182583526477, 0.05134402619648818]\n",
      "[0.5581462845797569, 0.0, 0.4418537154202431]\n",
      "[4.176582537629549e-07, 0.5614711722532733, 0.438528410088473]\n",
      "[0.5890121295469493, 0.0014488312744690816, 0.4095390391785817]\n",
      "[0.26350991265004325, 0.26350991265004325, 0.47298017469991355]\n",
      "[0.4177511051138172, 0.3127732580890589, 0.26947563679712383]\n",
      "[0.44072887481693135, 0.00042171481634682484, 0.5588494103667218]\n",
      "[4.4735046419463994e-05, 0.35883046926768014, 0.6411247956859003]\n",
      "[0.26350991265004325, 0.47298017469991355, 0.26350991265004325]\n",
      "[0.0005112855378428294, 0.6253197511806835, 0.3741689632814737]\n",
      "[0.2817864579496005, 0.32078939721291805, 0.39742414483748145]\n",
      "[0.0, 0.6422084603233669, 0.3577915396766331]\n",
      "[0.47298017469991355, 0.26350991265004325, 0.26350991265004325]\n",
      "[0.5013646997311368, 0.031299423503171116, 0.4673358767656921]\n",
      "[0.35615025847489423, 0.0016417784712088534, 0.6422079630538968]\n",
      "[0.5422545329459016, 3.918643548110095e-14, 0.4577454670540592]\n",
      "[0.3571536846094791, 0.6421229216903732, 0.0007233937001475693]\n",
      "[8.118063561365589e-10, 0.48556258165905486, 0.5144374175291387]\n",
      "[0.2924381587606418, 0.6303323761860624, 0.07722946505329584]\n",
      "[0.6422084670135227, 0.0, 0.35779153298647715]\n",
      "[1.3031880482068627e-08, 0.6096435455371473, 0.3903564414309723]\n",
      "[0.5010103319788427, 0.00022193796284328615, 0.4987677300583141]\n",
      "[2.3080936946504248e-05, 0.35804118953225544, 0.641935729530798]\n",
      "[0.35498766988894886, 0.06908048036069457, 0.5759318497503565]\n",
      "[0.6016338284053758, 0.3981330012641179, 0.00023317033050632334]\n",
      "[0.00044046030321327496, 0.6262770217425876, 0.37328251795419914]\n",
      "[0.37710788410145846, 4.675431856399921e-07, 0.6228916483553559]\n",
      "[0.05000285708774279, 0.309810508735492, 0.6401866341767651]\n",
      "[0.6422074526122884, 0.0, 0.35779254738771155]\n",
      "[2.502832147601218e-09, 0.3783011164491417, 0.6216988810480262]\n",
      "[0.511642766676539, 0.0002333333307262942, 0.4881238999927347]\n",
      "[0.3577493804941191, 0.6422506195058809, 0.0]\n",
      "[0.3863763905612854, 5.364525535789638e-10, 0.6136236089022621]\n",
      "[0.006134835360695198, 0.6421173314419418, 0.35174783319736286]\n",
      "[0.3255489688685373, 0.032242574244769694, 0.642208456886693]\n",
      "[2.004142981035085e-10, 0.6422078389266135, 0.3577921608729723]\n",
      "[0.4568316318098512, 0.5427246377531934, 0.0004437304369553978]\n",
      "[0.0, 0.35779185292365306, 0.6422081470763469]\n",
      "[0.4811577751565551, 0.0, 0.5188422248434449]\n",
      "[0.3581843470212581, 0.641815652972871, 5.870971221191988e-12]\n",
      "[0.3378244032542849, 0.554935842125664, 0.10723975462005104]\n",
      "[0.26350991265004325, 0.26350991265004325, 0.47298017469991355]\n",
      "[8.818598947549943e-07, 0.641057994593072, 0.3589411235470334]\n",
      "[0.0037088943206820503, 0.6422084115224418, 0.35408269415687604]\n",
      "[0.5806180608173745, 0.4193819391826142, 1.1164531590846066e-14]\n",
      "[2.523059295079165e-08, 0.35779271591067174, 0.6422072588587353]\n",
      "[0.47298017469991355, 0.26350991265004325, 0.26350991265004325]\n",
      "[0.0, 0.6422084729836193, 0.3577915270163808]\n",
      "[0.365777525924695, 0.634222474075305, 0.0]\n",
      "[0.45521254618060286, 6.112976600416209e-07, 0.5447868425217371]\n",
      "[0.35777800162118456, 0.6422084771721919, 1.3521206623516102e-05]\n",
      "[1.7243957983592404e-12, 0.6035260142186251, 0.3964739857796505]\n",
      "[0.6422084743722971, 0.35779152562770294, 0.0]\n",
      "[0.07651471756414235, 0.6422082639581258, 0.2812770184777319]\n",
      "[0.35781048525692283, 0.6421895147430772, 0.0]\n",
      "[0.009474499578241785, 0.3484176088946416, 0.6421078915271167]\n",
      "[0.0651974915308929, 0.34871105473889913, 0.586091453730208]\n",
      "[0.37174980248019396, 4.3377011112182664e-08, 0.628250154142795]\n",
      "[0.6419495419981318, 3.1205477316455793e-05, 0.3580192525245518]\n",
      "[0.35801188162984776, 0.6419881129365587, 5.433593430900998e-09]\n",
      "[1.5669595313796718e-09, 0.38973544310865177, 0.6102645553243887]\n",
      "[0.5844319047849695, 0.41555476445000145, 1.3330765029026027e-05]\n",
      "[0.229197292712033, 0.4386305569538318, 0.3321721503341352]\n",
      "[0.6346564325586566, 0.3653425283630012, 1.0390783424150384e-06]\n",
      "[1.6199159230653515e-07, 0.3584505699232812, 0.6415492680851266]\n",
      "[0.642207471151022, 0.19136533857684168, 0.16642719027213634]\n",
      "[0.35812800610480994, 2.0625805744080277e-09, 0.6418719918326095]\n",
      "[0.36072315994263954, 0.11832899150476561, 0.5209478485525948]\n",
      "[0.06108390485816305, 0.40950223890645776, 0.5294138562353792]\n",
      "[0.32906437072170047, 0.6142775757567276, 0.05665805352157197]\n",
      "[0.038131538137815384, 0.4150773608749206, 0.546791100987264]\n",
      "[2.353628772214951e-05, 0.5890871298514114, 0.4108893338608665]\n",
      "[0.36361245900548794, 0.6363875409904701, 4.041928523355437e-12]\n",
      "[0.36132421783129537, 0.6386757821614772, 7.227443523777649e-12]\n",
      "[2.7905592937614822e-06, 0.6388048105815647, 0.3611923988591415]\n",
      "[0.0, 0.5511720171812088, 0.44882798281879116]\n",
      "[0.0005251104998890483, 0.35732401591120105, 0.64215087358891]\n",
      "Iteration: 50\n",
      "[5.854645484170548e-07, 0.4019223151193892, 0.5980770994160625]\n",
      "[0.4587464794201051, 8.307609344757794e-16, 0.5412535205798941]\n",
      "[0.6407188264412961, 0.35918550541590294, 9.566814280103167e-05]\n",
      "[0.000906011680183579, 0.35902350813111755, 0.6400704801886988]\n",
      "[0.2531493001404585, 0.5088218264724784, 0.23802887338706305]\n",
      "[0.5876937655183627, 0.11399250220716772, 0.29831373227446945]\n",
      "[0.26350991265004325, 0.26350991265004325, 0.47298017469991355]\n",
      "[0.6290123724104703, 0.09218337079576888, 0.2788042567937609]\n",
      "[0.09033035322047424, 0.26747187907390385, 0.6421977677056219]\n",
      "[0.0, 0.6415905847097022, 0.3584094152902978]\n",
      "[0.21810374969040244, 0.5569834411557525, 0.22491280915384507]\n",
      "[4.984566940024059e-06, 0.48860742678431457, 0.5113875886487455]\n",
      "[0.5117736137669894, 0.46783462800597764, 0.020391758227032982]\n",
      "[0.3550605123966664, 0.6421918724426943, 0.002747615160639349]\n",
      "[0.6416370530598843, 0.2357988175594817, 0.12256412938063398]\n",
      "[0.47298017469991355, 0.26350991265004325, 0.26350991265004325]\n",
      "[0.6420567155944273, 0.35793951734521584, 3.7670603567583457e-06]\n",
      "[0.6422401985936074, 0.0, 0.3577598014063927]\n",
      "[0.39922095353821807, 0.6006696059213055, 0.00010944054047637428]\n",
      "[0.41110072147546156, 0.03466006210726987, 0.5542392164172686]\n",
      "[0.6402458521172981, 1.1851606942528483e-07, 0.35975402936663237]\n",
      "[0.00649791165331979, 0.6421817791146474, 0.35132030923203283]\n",
      "[0.4498120139830646, 0.5501216786347265, 6.630738220881335e-05]\n"
     ]
    },
    {
     "name": "stdout",
     "output_type": "stream",
     "text": [
      "[0.3846975521960372, 0.03830527525705576, 0.5769971725469071]\n",
      "Iteration: 200\n",
      "[0.6422084738741825, 0.35779152612581755, 0.0]\n",
      "[0.3577916442543084, 0.6422083557456917, 0.0]\n",
      "[0.3474061733745657, 0.055898484679741206, 0.5966953419456932]\n",
      "[0.003979981548892319, 0.6422084780370707, 0.35381154041403695]\n",
      "[0.6360483736842493, 0.1062928899349425, 0.2576587363808084]\n",
      "[0.13202576059267612, 0.22688608658001969, 0.6410881528273042]\n",
      "[0.3577912942521419, 0.6422083882571856, 3.174906724893461e-07]\n",
      "[0.0025067814828910943, 0.3554360239205949, 0.6420571945965139]\n",
      "[0.28162139452775664, 0.07741155917172625, 0.640967046300517]\n",
      "[3.8454101584459625e-07, 0.6071227920433253, 0.3928768234156588]\n",
      "[1.8890132513018366e-12, 0.637384584961796, 0.36261541503631506]\n",
      "[0.3574658373484913, 0.00036796553293974517, 0.6421661971185689]\n",
      "[3.651294919262556e-05, 0.35775665749731267, 0.6422068295534947]\n",
      "[0.0, 0.6422083884839902, 0.35779161151600986]\n",
      "[0.6263504972775439, 0.0011887590107616767, 0.3724607437116943]\n",
      "[0.5765126585050188, 0.4224363381717577, 0.0010510033232235423]\n",
      "[0.26350991265004325, 0.26350991265004325, 0.47298017469991355]\n",
      "[0.47298017469991355, 0.26350991265004325, 0.26350991265004325]\n",
      "[0.26350991265004325, 0.47298017469991355, 0.26350991265004325]\n",
      "[0.3625973003651287, 0.6374026996348483, 2.3007010468057605e-14]\n",
      "[0.1786636557444487, 0.2728943796349787, 0.5484419646205726]\n",
      "[0.0, 0.3577915038229055, 0.6422084961770945]\n",
      "[0.5927875445373123, 0.05138731340584418, 0.3558251420568435]\n",
      "[3.558279064514241e-05, 0.6321456807511648, 0.3678187364581901]\n",
      "[0.6411762614766185, 0.0007275211888950555, 0.35809621733448643]\n",
      "[0.36739936979794646, 0.6287208118380001, 0.0038798183640534386]\n",
      "[0.36552119128987065, 0.0023888060575700033, 0.6320900026525593]\n",
      "[0.6420539008068706, 0.35794609401211114, 5.18101824552289e-09]\n",
      "[0.35790617983373507, 0.6420938201660791, 1.859170256445021e-13]\n",
      "[0.3577455894858474, 0.642209143452342, 4.5267061810576296e-05]\n",
      "[0.4597370414511812, 3.766327731357758e-11, 0.5402629585111555]\n",
      "[0.6248028708766573, 0.0003305843249781907, 0.3748665447983645]\n",
      "[0.3588345213051469, 2.79885637390778e-08, 0.6411654507062894]\n",
      "[0.6422084650786173, 0.006314435390628327, 0.35147709953075434]\n",
      "[0.6416923534577765, 1.991104522974419e-05, 0.3582877354969938]\n",
      "[0.5205252403706668, 7.877650973821989e-16, 0.4794747596293323]\n",
      "[0.0017696517890212961, 0.46911142396743793, 0.5291189242435408]\n",
      "[0.45555230836656035, 0.5175031022066465, 0.026944589426793137]\n",
      "[0.3567905771868156, 0.0010010130436219657, 0.6422084097695624]\n",
      "[0.6161979155911163, 0.0005116987961574394, 0.38329038561272627]\n",
      "[0.3578437683045501, 0.0, 0.6421562316954499]\n",
      "[0.5886843941881014, 0.0, 0.4113156058118987]\n",
      "[0.35780186609258496, 1.8450028584481636e-06, 0.6421962889045566]\n",
      "[0.6422084700273208, 0.003704533995476817, 0.3540869959772024]\n",
      "[4.7463702116410546e-05, 0.5808702741582739, 0.41908226213960964]\n",
      "[0.6417817170441957, 0.0, 0.3582182829558042]\n",
      "[0.35750201717875396, 0.0003465693907722222, 0.6421514134304738]\n",
      "[0.5162546241599627, 0.3931664785271849, 0.09057889731285237]\n",
      "[0.5337135149187056, 0.46628648506847087, 1.2823684264558484e-11]\n",
      "[0.0, 0.3577915868817902, 0.6422084131182099]\n",
      "[0.6209246788294447, 0.005993764273109074, 0.3730815568974463]\n",
      "[0.6422084671236713, 0.3577915328763288, 0.0]\n",
      "[0.027149103298201947, 0.3306430540091198, 0.6422078426926782]\n",
      "[0.26350991265004325, 0.26350991265004325, 0.47298017469991355]\n",
      "[0.6422084376588733, 0.3577862475250403, 5.314816086376738e-06]\n",
      "[0.3561569208704014, 0.642208021612012, 0.0016350575175866204]\n",
      "[0.0, 0.3582342380008746, 0.6417657619991254]\n",
      "[0.2735834066044157, 0.6420144998315171, 0.08440209356406721]\n",
      "[0.6422082521784408, 0.3577917478215592, 0.0]\n",
      "[0.49636202003558705, 0.30972941865401366, 0.19390856131039916]\n",
      "[4.78974664628478e-06, 0.35778804702870165, 0.642207163224652]\n",
      "[0.36274053694828073, 1.469371483287124e-10, 0.6372594629047821]\n",
      "[0.0, 0.3583397757090313, 0.6416602242909687]\n",
      "[0.6305495862706668, 0.367238245160548, 0.002212168568785225]\n",
      "[0.3666852142442873, 0.63331478575157, 4.142756827345356e-12]\n",
      "[0.5272681983699665, 0.017594687047477568, 0.455137114582556]\n",
      "[1.4744065658268152e-09, 0.4510641626674366, 0.5489358358581568]\n",
      "[0.0009044910992282882, 0.4725662547335718, 0.5265292541672]\n",
      "[0.5724437776110498, 0.3608302953457507, 0.06672592704319952]\n",
      "[0.36347066919759363, 1.6107085304792236e-12, 0.6365293308007957]\n",
      "[0.6422084244596925, 0.3577707757324858, 2.0799807821755607e-05]\n",
      "[0.05956912758738895, 0.3943109873051655, 0.5461198851074456]\n",
      "[0.359669418797214, 0.640330411205935, 1.6999685096060177e-07]\n",
      "[0.3482057898640647, 0.009591297205862473, 0.6422029129300728]\n",
      "[0.47298017469991355, 0.26350991265004325, 0.26350991265004325]\n",
      "[0.4718526527653444, 3.786386114011178e-11, 0.5281473471967918]\n",
      "[0.0016727796575634524, 0.40246535608118506, 0.5958618642612514]\n"
     ]
    }
   ],
   "source": [
    "starvse3 = CsvBatch(KSModel(),\n",
    "                   [(STAR, STAR.honBallot,[],{}),\n",
    "                   (STAR, STAR.always510Ballot,[],{}),\n",
    "                   (STAR, STAR.never23Ballot,[],{}),\n",
    "                   (STAR, STAR.vaBallot, [], {'coeffFunc': oldCoefficients}),\n",
    "                   (STAR, STAR.vaBallot, [], {'coeffFunc': getCoefficients}),\n",
    "                   (STAR, STAR.vaBallot, [], {'coeffFunc': simpleCoefficients})],\n",
    "                   nvot=51, ncand=3, niter=250, pickiness = 0.7, pollingError = 0.1)\n",
    "starvse3.saveFile(\"starvse3\")"
   ]
  },
  {
   "cell_type": "code",
   "execution_count": null,
   "id": "00529a6f",
   "metadata": {},
   "outputs": [],
   "source": [
    "c = CsvBatch(KSModel(), [Plurality, STAR, PluralityTop2, Approval, ApprovalTop2, Irv, Minimax], nvot=51, ncand=8, niter=10, pickiness = 0.7, pollingError = 0.4)"
   ]
  },
  {
   "cell_type": "code",
   "execution_count": null,
   "id": "47a2e022",
   "metadata": {},
   "outputs": [],
   "source": [
    "c.rows[0]"
   ]
  },
  {
   "cell_type": "code",
   "execution_count": null,
   "id": "a08d4751",
   "metadata": {},
   "outputs": [],
   "source": [
    "c.saveFile(\"biggestdat\")"
   ]
  },
  {
   "cell_type": "code",
   "execution_count": null,
   "id": "9de3ea43",
   "metadata": {},
   "outputs": [],
   "source": [
    "cs = CsvBatches(KSModel(),\n",
    "             [Plurality, STAR, PluralityTop2, Approval,\n",
    "              ApprovalTop2, Irv, Minimax],\n",
    "             nvot=51, ncand=[3,5,7,9], niter=10,\n",
    "             pickiness = 0.7, pollingError = 0.4)"
   ]
  },
  {
   "cell_type": "code",
   "execution_count": null,
   "id": "3b7d0bac",
   "metadata": {},
   "outputs": [],
   "source": [
    "cs.rows[1]"
   ]
  },
  {
   "cell_type": "code",
   "execution_count": null,
   "id": "fe89af5a",
   "metadata": {},
   "outputs": [],
   "source": [
    "left = [Voter((random.gauss(1,1),random.gauss(0,1),random.gauss(-1,1))) for i in range(100)]\n",
    "center = [Voter((random.gauss(0,1.5),random.gauss(1,1),random.gauss(0,1.5))) for i in range(100)]\n",
    "right = [Voter((random.gauss(-1,1),random.gauss(0,1),random.gauss(1,1))) for i in range(100)]"
   ]
  },
  {
   "cell_type": "code",
   "execution_count": null,
   "id": "9ff5531c",
   "metadata": {},
   "outputs": [],
   "source": [
    "easyLeft = Electorate(left[:40]+center[:30]+right[:30])\n",
    "easyCenter = Electorate(left[:20]+center[:60]+right[:20])\n",
    "centerSqueeze = Electorate(left[:35]+center[:30]+right[:35])"
   ]
  },
  {
   "cell_type": "code",
   "execution_count": null,
   "id": "3d661bcf",
   "metadata": {
    "scrolled": false
   },
   "outputs": [],
   "source": [
    "threeRoundResults(Plurality,centerSqueeze, Plurality.honBallot,\n",
    "                            [( paramStrat(Plurality.compBallot, intensity=3),select21,),\n",
    "                            ( paramStrat(Plurality.compBallot, intensity=3),select31,),\n",
    "                            ( Plurality.vaBallot, select21,)])"
   ]
  },
  {
   "cell_type": "code",
   "execution_count": null,
   "id": "ecd36544",
   "metadata": {},
   "outputs": [],
   "source": [
    "threeRoundResults(Plurality, Electorate([Voter((3,1,0))]*10+[Voter((0,3,2))]*6+[Voter((0,2,3))]*7), \n",
    "                            Plurality.vaBallot,(Plurality.honBallot,select21,))"
   ]
  },
  {
   "cell_type": "code",
   "execution_count": null,
   "id": "827ea007",
   "metadata": {},
   "outputs": [],
   "source": [
    "threeRoundResults(STAR, Electorate([Voter((3,1,0))]*10+[Voter((0,3,2))]*6+[Voter((0,2,3))]*7),\n",
    "                         STAR().vaBallot,(STAR().honBallot, select31,))"
   ]
  },
  {
   "cell_type": "code",
   "execution_count": null,
   "id": "8e522636",
   "metadata": {},
   "outputs": [],
   "source": [
    "threeRoundResults(Plurality, Electorate([Voter((3,1,0))]*10+[Voter((0,3,2))]*6+[Voter((0,2,3))]*7), \n",
    "                            Plurality.honBallot,(Plurality.stratBallot, select21,))"
   ]
  },
  {
   "cell_type": "code",
   "execution_count": null,
   "id": "b4113446",
   "metadata": {},
   "outputs": [],
   "source": [
    "c.rows[74]"
   ]
  },
  {
   "cell_type": "code",
   "execution_count": null,
   "id": "c9dffe23",
   "metadata": {},
   "outputs": [],
   "source": [
    "with None as thing:\n",
    "    print(\"hi\")"
   ]
  },
  {
   "cell_type": "code",
   "execution_count": null,
   "id": "fd27e688",
   "metadata": {},
   "outputs": [],
   "source": [
    "a = [[5]]\n",
    "b = a * 5\n",
    "print(b)\n",
    "a[0][0] = 4\n",
    "b"
   ]
  },
  {
   "cell_type": "code",
   "execution_count": null,
   "id": "72c81f62",
   "metadata": {},
   "outputs": [],
   "source": [
    "import random, time\n",
    "random.seed(time.time())"
   ]
  },
  {
   "cell_type": "code",
   "execution_count": null,
   "id": "72f62213",
   "metadata": {},
   "outputs": [],
   "source": [
    "time.time()"
   ]
  },
  {
   "cell_type": "code",
   "execution_count": null,
   "id": "2844111b",
   "metadata": {},
   "outputs": [],
   "source": [
    "time.time()"
   ]
  },
  {
   "cell_type": "code",
   "execution_count": null,
   "id": "df6e868e",
   "metadata": {},
   "outputs": [],
   "source": [
    "(1,2) + (3,4)"
   ]
  },
  {
   "cell_type": "code",
   "execution_count": null,
   "id": "e3c3cc6c",
   "metadata": {},
   "outputs": [],
   "source": [
    "c = CsvBatch(KSModel(), [Plurality, STAR, PluralityTop2, Approval, ApprovalTop2, Irv, Minimax], nvot=21, ncand=6, niter=5, pickiness = 0.7, pollingError = 0.4)"
   ]
  },
  {
   "cell_type": "code",
   "execution_count": null,
   "id": "e05ad6b7",
   "metadata": {},
   "outputs": [],
   "source": [
    "c.saveFile(\"testfile\")"
   ]
  },
  {
   "cell_type": "code",
   "execution_count": null,
   "id": "5a826143",
   "metadata": {},
   "outputs": [],
   "source": [
    "c.saveFile(\"testfile\", newFile = False)"
   ]
  },
  {
   "cell_type": "code",
   "execution_count": null,
   "id": "661516d5",
   "metadata": {},
   "outputs": [],
   "source": [
    "test510 = CsvBatch(KSModel(),\n",
    "                   [(STAR, STAR.honBallot,\n",
    "                     [(STAR.vaBallot, selectRand), (STAR.stratBallot, selectRand),\n",
    "                      (STAR.always510Ballot, selectRand), (STAR.never23Ballot, selectRand)],\n",
    "                     {})],\n",
    "                   nvot=31, ncand=3, niter=5000, pickiness = 0.7, pollingError = 0.1)\n",
    "test510.saveFile(\"test510\")"
   ]
  },
  {
   "cell_type": "code",
   "execution_count": null,
   "id": "743c3703",
   "metadata": {},
   "outputs": [],
   "source": [
    "vse510 = CsvBatch(KSModel(),\n",
    "                   [(STAR, STAR.honBallot,[],{}),\n",
    "                   (STAR, STAR.always510Ballot,[],{}),\n",
    "                   (STAR, STAR.never23Ballot,[],{})],\n",
    "                   nvot=51, ncand=3, niter=5000, pickiness = 0.7, pollingError = 0.1)\n",
    "vse510.saveFile(\"vse510\")"
   ]
  },
  {
   "cell_type": "code",
   "execution_count": null,
   "id": "18224c67",
   "metadata": {},
   "outputs": [],
   "source": [
    "starStrats3 = CsvBatch(KSModel(),\n",
    "                   [(STAR, STAR.honBallot,\n",
    "                     [(STAR.vaBallot, selectRand, {'coeffFunc': oldCoefficients}),\n",
    "                      (STAR.vaBallot, selectRand, {'coeffFunc': getCoefficients}),\n",
    "                      (STAR.vaBallot, selectRand, {'coeffFunc': simpleCoefficients}),\n",
    "                      (STAR.stratBallot, selectRand),\n",
    "                      (STAR.always510Ballot, selectRand), (STAR.never23Ballot, selectRand)],\n",
    "                     {})],\n",
    "                   nvot=31, ncand=3, niter=5000, pickiness = 0.7, pollingError = 0.1)\n",
    "starStrats3.saveFile(\"starStrats3\")"
   ]
  },
  {
   "cell_type": "code",
   "execution_count": null,
   "id": "23250da2",
   "metadata": {},
   "outputs": [],
   "source": [
    "starStrats6 = CsvBatch(KSModel(),\n",
    "                   [(STAR, STAR.honBallot,\n",
    "                     [(STAR.vaBallot, selectRand, {'coeffFunc': oldCoefficients}),\n",
    "                      (STAR.vaBallot, selectRand, {'coeffFunc': getCoefficients}),\n",
    "                      (STAR.vaBallot, selectRand, {'coeffFunc': simpleCoefficients}),\n",
    "                      (STAR.stratBallot, selectRand)],\n",
    "                     {})],\n",
    "                   nvot=31, ncand=6, niter=5000, pickiness = 0.7, pollingError = 0.1)\n",
    "starStrats6.saveFile(\"starStrats3\")"
   ]
  },
  {
   "cell_type": "code",
   "execution_count": null,
   "id": "a64d7948",
   "metadata": {},
   "outputs": [],
   "source": [
    "starvse6 = CsvBatch(KSModel(),\n",
    "                   [(STAR, STAR.honBallot,[],{}),\n",
    "                   (STAR, STAR.vaBallot, [], {'coeffFunc': oldCoefficients}),\n",
    "                   (STAR, STAR.vaBallot, [], {'coeffFunc': getCoefficients}),\n",
    "                   (STAR, STAR.vaBallot, [], {'coeffFunc': simpleCoefficients})],\n",
    "                   nvot=51, ncand=6, niter=5000, pickiness = 0.7, pollingError = 0.1)\n",
    "starvse6.saveFile(\"starvse6\")"
   ]
  },
  {
   "cell_type": "code",
   "execution_count": null,
   "id": "2c6f7145",
   "metadata": {},
   "outputs": [],
   "source": [
    "aTop2 = CsvBatch(KSModel(), [(ApprovalTop2, ApprovalTop2.zeroInfoBallot,\n",
    "                [(ApprovalTop2.vaBallot, selectRand, {'pollingUncertainty':.4}),\n",
    "                 (ApprovalTop2.vaBallot2, selectRand, {'pollingUncertainty':.4}),\n",
    "                 (ApprovalTop2.honBallot, selectRand), (ApprovalTop2.stratBallot, selectRand)], {})],\n",
    "                 nvot=31, ncand=6, niter=5000, pickiness = 0.7, pollingError = 0.1)\n",
    "aTop2.saveFile(\"atop2\")"
   ]
  },
  {
   "cell_type": "code",
   "execution_count": null,
   "id": "ad3c82ec",
   "metadata": {},
   "outputs": [],
   "source": []
  }
 ],
 "metadata": {
  "kernelspec": {
   "display_name": "Python 3 (ipykernel)",
   "language": "python",
   "name": "python3"
  },
  "language_info": {
   "codemirror_mode": {
    "name": "ipython",
    "version": 3
   },
   "file_extension": ".py",
   "mimetype": "text/x-python",
   "name": "python",
   "nbconvert_exporter": "python",
   "pygments_lexer": "ipython3",
   "version": "3.9.7"
  }
 },
 "nbformat": 4,
 "nbformat_minor": 5
}
